     6    12    49    43
    60    12    49    43
   113    13    49    42
   166    13    49    42
   219    13    49    42
   272    13    49    42
   325    13    49    42
   378    13    49    42
   432    13    49    42
   486    13    49    42
   539    13    49    42
   592    13    49    42
   645    13    49    42
   698    13    49    42
   751    13    49    42
   804    13    49    42

     6    60    49    43
    60    60    50    43
   115    61    50    42
   170    61    51    42
   226    61    52    42
   283    61    51    42
   339    61    51    42
   395    61    52    42
   453    61    52    42
   511    61    52    42
   568    61    52    42
   625    61    50    42
   680    61    48    42
   733    61    48    42
   786    61    48    42
   839    61    48    42

    67   216    38    45
   114   216    38    45
   162   216    38    45
   210   216    38    45
   256   216    38    45
   306   216    38    45
   353   216    38    45

     6   257    49    43
    68   257    49    43
   127   257    47    43
   187   257    47    43
   246   257    46    43
   307   257    46    43
   361   257    45    43
   417   257    44    43
   465   257    53    43
   524   261    54    39
   584   262    54    38
   645   262    69    38
   721   263    70    37
   805   264    67    36
   900   265    55    35
   962   264    52    36
  1019   263    53    37
  1078   258    53    42
